1182066756,1074594224,32654,32364,9,'Slime',18467,111549119
1182066760,1074593107,32654,32363,9,'Slime',6334,111363770
1182066764,1074264790,32671,32375,7,'Snake',26500,110681460
1182066767,1074592922,32660,32375,7,'Wolf',19169,111555826
1182066767,1074593107,32657,32363,9,'Slime',15724,111504642
1182066767,1074592797,32658,32375,7,'Orc Rider',11478,111440141
1182066767,1074592922,32660,32375,7,'Wolf',29358,111708661
1182066767,1074594224,32660,32364,9,'Slime',26962,111676585
1182066767,1074592797,32658,32375,7,'Orc Rider',24464,111634931
1182066769,1074592884,32653,32375,7,'Snake',5705,111353732
1182066770,1074594224,32661,32362,9,'Slime',28145,111694324
1182066770,1074593107,32658,32362,9,'Slime',23281,111617998
1182066770,1074592884,32653,32375,7,'Snake',16827,111520563
1182066771,1074592706,32655,32375,7,'War Wolf',9961,111417089
1182066771,1074593107,32659,32362,9,'Slime',491,111276154
1182066773,1074553268,32673,32375,7,'War Wolf',2995,111194377
1182066775,1074593483,32672,32376,8,'Bandit',11942,111449216
1182066775,1074264790,32672,32372,7,'Snake',4827,110356360
1182066775,1074553268,32673,32374,7,'War Wolf',5436,111230987
1182066775,1074594080,32681,32377,8,'Wild Warrior',32391,111757872
1182066775,1074264790,32672,32372,7,'Snake',14604,110503015
1182066775,1074269168,32681,32379,7,'Wolf',3902,110355700
1182066775,1074594080,32681,32377,8,'Wild Warrior',153,111274302
1182066776,1074593483,32672,32374,8,'Bandit',292,111274453
1182066776,1074269168,32680,32379,7,'Wolf',12382,110482896
1182066776,1074592335,32681,32379,8,'Wild Warrior',17421,111528102
1182066776,1074593483,32671,32374,8,'Bandit',18716,111550808
1182066776,1074264790,32671,32372,7,'Snake',19718,110579721
1182066776,1074592335,32681,32379,8,'Wild Warrior',19895,111565212
1182066776,1074489025,32675,32380,8,'Bat',5447,111038422
1182066777,1074264790,32671,32372,7,'Snake',21726,110609842
1182066777,1074269168,32680,32379,7,'Wolf',14771,110518732
1182066777,1074489025,32675,32380,8,'Bat',11538,111129788
1182066778,1074553268,32673,32374,7,'War Wolf',1869,111177485
1182066778,1074269168,32681,32378,7,'Wolf',19912,110595846
1182066795,1074226790,32683,32380,7,'Deer',25667,110555078
1182066795,1074553268,32673,32376,7,'War Wolf',26299,111543966
1182066795,1074269025,32683,32385,7,'Orc Rider',17035,110552403
1182066796,1074226790,32683,32381,7,'Deer',9894,110318491
1182066796,1074489025,32675,32375,8,'Bat',28703,111387247
1182066808,1074264790,32673,32376,7,'Snake',23811,110641186
1182066809,1074269168,32678,32377,7,'Wolf',31322,110767005
1182066820,1074594080,32687,32374,8,'Wild Warrior',30333,111727056
1182066822,1073803155,32693,32366,7,'Poison Spider',17673,109164359
1182066822,1074555080,32693,32374,7,'Wolf',4664,111224938
1182066824,1074521978,32694,32378,7,'Wolf',15141,111282822
1182066825,1074585530,32693,32379,7,'Wolf',7711,111362031
1182066828,1074302263,32687,32381,7,'Bat',28253,110820334
1182066829,1074224559,32693,32382,7,'Deer',6868,110266498
1182066829,1074592335,32687,32381,8,'Wild Warrior',25547,111650089
1182066830,1074269025,32684,32383,7,'Orc Rider',27644,110711564
1182066830,1074224559,32693,32383,7,'Deer',32662,110653416
1182066831,1074555080,32694,32376,7,'Wolf',32757,111646361
1182066832,1074269025,32685,32382,7,'Orc Rider',20037,110597459
1182066832,1074302263,32686,32382,7,'Bat',12859,110589430
1182066832,1074555080,32693,32376,7,'Wolf',8723,111285847
1182066836,1074226790,32677,32375,7,'Deer',9741,110316164
1182066839,1074585530,32695,32379,7,'Wolf',27529,111659325
1182066839,1074302263,32685,32382,7,'Bat',778,110408217
1182066840,1074224559,32690,32381,7,'Deer',12316,110348207
1182066840,1074585530,32694,32379,7,'Wolf',3035,111291911
1182066841,1074521978,32695,32378,7,'Wolf',22190,111388579
1182066842,1074269168,32677,32377,7,'Wolf',1842,110324833
1182066845,1074553268,32673,32370,7,'War Wolf',288,111153809
1182066850,1074589005,32659,32369,8,'Centipede',30106,111708242
1182066851,1074594729,32658,32368,8,'Wild Warrior',9040,111409452
1182066851,1074553268,32672,32367,7,'War Wolf',8942,111283599
1182066851,1074594709,32656,32369,7,'Wolf',19264,111562634
1182066852,1074592884,32655,32375,7,'Snake',22648,111607970
1182066852,1074594729,32660,32368,8,'Wild Warrior',27446,111685553
1182066852,1074594709,32656,32368,7,'Wolf',23805,111630743
1182066852,1074593256,32655,32365,8,'Bat',15890,111507631
1182066852,1074589005,32662,32369,8,'Centipede',6729,111357604
1182066852,1074594729,32660,32368,8,'Wild Warrior',24370,111639413
1182066852,1074593256,32655,32365,8,'Bat',15350,111499531
1182066853,1074592922,32657,32375,7,'Wolf',15006,111493452
1182066853,1074592884,32654,32375,7,'Snake',31101,111734761
1182066853,1074594729,32660,32366,8,'Wild Warrior',24393,111639745
1182066854,1074592922,32656,32375,7,'Wolf',3548,111321578
1182066854,1074589005,32662,32367,8,'Centipede',19629,111551092
1182066854,1074594729,32660,32366,8,'Wild Warrior',12623,111463196
1182066855,1074592706,32650,32371,7,'War Wolf',24084,111628965
1182066855,1074589005,32660,32367,8,'Centipede',19954,111555958
1182066855,1074594621,32651,32369,7,'Orc Rider',18756,111554794
1182066855,1074592706,32650,32372,7,'War Wolf',11840,111445312
1182066855,1074594709,32654,32368,7,'Wolf',4966,111348151
1182066855,1074594621,32650,32369,7,'Orc Rider',7376,111384089
1182066856,1074594729,32658,32367,8,'Wild Warrior',13931,111482815
1182066856,1074594709,32654,32368,7,'Wolf',26308,111668282
1182066857,1074566438,32644,32367,7,'Poison Spider',16944,111443070
1182066857,1074594729,32655,32367,8,'Wild Warrior',32439,111760421
1182066858,1074592706,32651,32371,7,'War Wolf',24626,111637103
1182066872,1074595222,32647,32369,9,'Slime',11323,111445069
1182066872,1074592922,32658,32371,7,'Wolf',5537,111351413
1182066873,1074592706,32652,32375,7,'War Wolf',21538,111590831
1182066873,1074594709,32651,32370,7,'Wolf',16118,111515448
1182066873,1074566438,32645,32368,7,'Poison Spider',2082,111220168
1182066873,1074592922,32658,32370,7,'Wolf',22929,111612287
1182066873,1074569776,32643,32368,7,'Slime',16541,111446953
1182066873,1074594709,32651,32369,7,'Wolf',4833,111346166
1182066873,1074548798,32642,32364,7,'Poison Spider',31115,111602700
1182066873,1074594621,32649,32370,7,'Orc Rider',4639,111343054
1182066873,1074582667,32642,32369,7,'Slime',29658,111682383
1182066874,1074592922,32657,32370,7,'Wolf',22704,111608908
1182066874,1074595222,32647,32368,9,'Slime',9930,111424169
1182066874,1074594709,32651,32369,7,'Wolf',13977,111483327
1182066874,1074594621,32650,32370,7,'Orc Rider',2306,111308065
1182066874,1074566438,32645,32367,7,'Poison Spider',31673,111664027
1182066874,1074582597,32641,32365,7,'Slime',22386,111573061
1182066874,1074563774,32641,32367,7,'Slime',5021,111256131
1182066874,1074580782,32642,32362,7,'Poison Spider',28745,111663089
1182066874,1074592706,32653,32375,7,'War Wolf',26924,111671627
1182066874,1074595222,32647,32368,9,'Slime',19072,111561299
1182066874,1074594709,32651,32369,7,'Wolf',6270,111367722
1182066874,1074548798,32642,32365,7,'Poison Spider',5829,111223418
1182066874,1074566438,32645,32367,7,'Poison Spider',26777,111590587
1182066874,1074582597,32641,32365,7,'Slime',15573,111470866
1182066874,1074563774,32641,32367,7,'Slime',5097,111257271
1182066874,1074550511,32639,32363,7,'Poison Spider',16512,111388773
1182066874,1074527135,32639,32367,7,'Poison Spider',23986,111430783
1182066875,1074592706,32652,32375,7,'War Wolf',13290,111467113
1182066875,1074595222,32647,32369,9,'Slime',9161,111412642
1182066875,1074594709,32650,32369,7,'Wolf',18636,111553208
1182066875,1074566438,32644,32367,7,'Poison Spider',22355,111524253
1182066875,1074582667,32641,32368,7,'Slime',24767,111609008
1182066875,1074582597,32641,32365,7,'Slime',23655,111592097
1182066875,1074563774,32640,32367,7,'Slime',15574,111414422
1182066875,1074580782,32642,32363,7,'Poison Spider',4031,111292387
1182066875,1074527135,32639,32366,7,'Poison Spider',12052,111251767
1182066875,1074595241,32653,32368,7,'Snake',27350,111685535
1182066875,1074592706,32652,32375,7,'War Wolf',1150,111285013
1182066875,1074595222,32647,32369,9,'Slime',16941,111529342
1182066875,1074566438,32644,32367,7,'Poison Spider',21724,111514788
1182066875,1074582667,32641,32368,7,'Slime',13966,111446993
1182066875,1074582597,32641,32365,7,'Slime',3430,111288722
1182066875,1074527135,32639,32366,7,'Poison Spider',31107,111537592
1182066875,1074595241,32653,32368,7,'Snake',30191,111728150
1182066876,1074595222,32647,32369,9,'Slime',18007,111545333
1182066876,1074594621,32650,32370,7,'Orc Rider',11337,111443532
1182066876,1074566438,32645,32367,7,'Poison Spider',15457,111420789
1182066876,1074582667,32641,32368,7,'Slime',12287,111421809
1182066876,1074563774,32639,32367,7,'Slime',27753,111597103
1182066876,1074527135,32639,32366,7,'Poison Spider',10383,111226733
1182066876,1074595241,32653,32369,7,'Snake',14945,111499468
1182066876,1074595222,32647,32369,9,'Slime',8909,111408863
1182066876,1074566438,32645,32367,7,'Poison Spider',32209,111672069
1182066876,1074563774,32639,32367,7,'Slime',9758,111327178
1182066876,1074595241,32653,32369,7,'Snake',24221,111638608
1182066877,1074592884,32655,32380,7,'Snake',18588,111547130
1182066877,1074566438,32645,32368,7,'Poison Spider',6422,111285272
1182066877,1074582667,32641,32368,7,'Slime',24946,111611695
1182066877,1074595241,32654,32369,7,'Snake',27506,111687889
1182066877,1074595222,32647,32370,9,'Slime',13030,111470686
1182066877,1074594876,32645,32381,8,'Wild Warrior',16413,111520540
1182066878,1074594222,32642,32384,8,'Bandit',29168,111709832
1182066879,1074592884,32655,32379,7,'Snake',900,111281805
1182066879,1074594876,32645,32378,8,'Wild Warrior',32591,111763191
1182066893,1073752956,32636,32384,10,'Dark Monk',18762,109029990
1182066906,1074592706,32653,32370,7,'War Wolf',1655,111292589
1182066906,1074569776,32640,32368,7,'Slime',17410,111460006
1182066907,1074548798,32645,32367,7,'Poison Spider',6359,111231430
1182066907,1074594621,32651,32372,7,'Orc Rider',27624,111687887
1182066907,1074566438,32646,32366,7,'Poison Spider',20537,111497018
1182066907,1074582597,32639,32365,7,'Slime',21548,111560514
1182066907,1074563774,32640,32367,7,'Slime',6483,111278089
1182066908,1074595222,32652,32367,9,'Slime',27595,111689196
1182066908,1074582667,32639,32366,7,'Slime',4041,111298127
1182066908,1074580782,32643,32363,7,'Poison Spider',3602,111285990
1182066908,1074582597,32639,32365,7,'Slime',24350,111602545
1182066909,1074592922,32658,32370,7,'Wolf',10291,111422753
1182066909,1074594709,32658,32367,7,'Wolf',30836,111736268
1182066909,1074580782,32644,32363,7,'Poison Spider',9374,111372576
1182066909,1074595241,32658,32373,7,'Snake',11020,111440679
1182066910,1074592922,32658,32370,7,'Wolf',4596,111337329
1182066910,1074595222,32652,32366,9,'Slime',24021,111635581
1182066910,1074594621,32650,32372,7,'Orc Rider',27348,111683745
1182066910,1074580782,32644,32364,7,'Poison Spider',23199,111579959
1182066911,1074592922,32659,32370,7,'Wolf',19668,111563415
1182066911,1074594709,32658,32368,7,'Wolf',24484,111640997
1182066911,1074594621,32650,32372,7,'Orc Rider',8281,111397741
1182066911,1074566438,32647,32364,7,'Poison Spider',4734,111259968
1182066911,1074592922,32659,32370,7,'Wolf',53,111269190
1182066911,1074595222,32652,32365,9,'Slime',1999,111305245
1182066911,1074594621,32650,32372,7,'Orc Rider',26418,111669796
1182066912,1074592922,32659,32370,7,'Wolf',27938,111687466
1182066912,1074594709,32658,32368,7,'Wolf',6900,111377238
1182066912,1074594621,32650,32372,7,'Orc Rider',3788,111330347
1182066912,1074595241,32657,32373,7,'Snake',18127,111547282
1182066912,1074594709,32658,32368,7,'Wolf',467,111280743
1182066913,1074595222,32652,32365,9,'Slime',3728,111331182
1182066913,1074595241,32657,32373,7,'Snake',14893,111498773
1182066914,1074595531,32656,32360,8,'Bat',24648,111645858
1182066915,1074595222,32652,32365,9,'Slime',22483,111612509
1182066918,1074594963,32665,32356,7,'Bat',17807,111541549
1182066920,1074553268,32671,32366,7,'War Wolf',2421,111185841
1182066921,1074594752,32672,32354,9,'Slime',14310,111488533
1182066923,1074453506,32668,32355,6,'Poison Spider',6617,110949460
1182066923,1074594963,32667,32358,7,'Bat',22813,111616668
1182066925,1074541161,32662,32349,6,'Poison Spider',9514,111255810
1182066926,1074453506,32665,32355,6,'Poison Spider',14309,111064828
1182066927,1074453026,32654,32355,6,'Poison Spider',7616,110962939
1182066927,1074541161,32662,32347,6,'Poison Spider',18935,111397113
1182066927,1074594910,32661,32346,7,'Poison Spider',17451,111536099
1182066928,1074453026,32654,32354,6,'Poison Spider',20600,111157693
1182066928,1074536688,32663,32343,6,'Poison Spider',5249,111178382
1182066928,1074594910,32661,32348,7,'Poison Spider',16519,111522134
1182066929,1074453506,32666,32355,6,'Poison Spider',31556,111323541
1182066929,1074536688,32663,32344,6,'Poison Spider',22798,111441625
1182066929,1074594752,32671,32350,9,'Slime',30303,111728403
1182066929,1074594994,32672,32352,9,'Slime',6224,111367963
1182066930,1074453506,32665,32355,6,'Poison Spider',11008,111015317
1182066930,1074594752,32671,32350,9,'Slime',5844,111361519
1182066932,1074579800,32680,32348,7,'Poison Spider',32609,111718253
1182066932,1074553101,32679,32340,8,'Poison Spider',14989,111373806
1182066950,1073894091,32699,32357,7,'Poison Spider',32702,109662697
1182066956,1073803155,32701,32362,7,'Poison Spider',3195,108947335
1182066974,1074596002,32697,32361,9,'Slime',20485,111585135
1182066974,1073894091,32705,32358,7,'Poison Spider',3093,109218623
1182066984,1074587893,32714,32361,7,'Ghoul',14343,111468751
1182066985,1074596002,32699,32359,9,'Slime',30523,111735712
1182066987,1073803155,32706,32363,7,'Poison Spider',1587,108923278
1182066989,1074595707,32712,32367,8,'Poison Spider',29314,111716910
1182066989,1074587893,32717,32361,7,'Ghoul',9503,111396171
1182066990,1073803155,32705,32363,7,'Poison Spider',7448,109011191
1182066990,1074595707,32712,32366,8,'Poison Spider',25200,111655194
1182066990,1074585924,32717,32369,7,'Ghoul',13458,111449646
1182066990,1073803155,32705,32363,7,'Poison Spider',6618,108998741
1182067003,1074588561,32708,32383,7,'Skeleton',20580,111564492
1182067003,1074586357,32717,32383,7,'Snake',19796,111546126
1182067003,1074587453,32722,32384,7,'Skeleton',14798,111474515
1182067004,1074588561,32708,32382,7,'Skeleton',15281,111485001
1182067007,1074585865,32721,32392,7,'Ghoul',19589,111541632
1182067008,1074587453,32722,32384,7,'Skeleton',20798,111564520
1182067013,1074587507,32732,32387,7,'Vampire',28009,111672910
1182067014,1074585865,32721,32390,7,'Ghoul',27157,111655145
1182067027,1074586357,32716,32384,7,'Snake',20472,111556292
1182067033,1074588085,32725,32374,7,'Snake',23622,111608707
1182067034,1074596470,32714,32372,9,'Ghoul',18538,111557556
1182067034,1074586357,32718,32385,7,'Snake',12292,111433616
1182067045,1074588561,32708,32382,7,'Skeleton',6038,111346397
1182067050,1074587893,32721,32366,7,'Ghoul',24179,111616427
1182067051,1074585924,32715,32365,7,'Ghoul',18190,111520649
1182067054,1073803155,32705,32366,7,'Poison Spider',29657,109344411
1182067064,1073894091,32703,32349,7,'Poison Spider',7958,109291615
1182067066,1074596215,32699,32357,8,'Poison Spider',6191,111371531
1182067072,1074595328,32708,32332,8,'Rotworm',19815,111573028
1182067072,1074594706,32709,32331,9,'Rotworm',22888,111617266
1182067072,1074596163,32710,32331,9,'Rotworm',19156,111565662
1182067073,1074498567,32711,32328,8,'Poison Spider',11511,111158251
1182067074,1074594706,32709,32332,9,'Rotworm',16202,111516985
1182067084,1074424706,32716,32326,7,'Deer',2634,110803407
1182067084,1074447692,32718,32326,7,'Scorpion',24272,111196997
1182067085,1074498567,32711,32329,8,'Poison Spider',20055,111286430
1182067085,1074424706,32716,32326,7,'Deer',20328,111068818
1182067085,1074596163,32711,32327,9,'Rotworm',22646,111618002
1182067091,1074594383,32698,32322,9,'Rotworm',26362,111668308
1182067095,1074596513,32698,32323,9,'Rotworm',4886,111352569
1182067096,1074596163,32710,32330,9,'Rotworm',18875,111561464
1182067105,1074594706,32706,32330,9,'Rotworm',28433,111700452
1182067112,1074589558,32716,32327,7,'Tarantula',29869,111706588
1182067112,1074596513,32704,32329,9,'Rotworm',20142,111581498
1182067132,1074592168,32716,32328,7,'Tarantula',23844,111624070
1182067132,1074589558,32710,32327,7,'Tarantula',1416,111279783
1182067163,1074592168,32708,32333,7,'Tarantula',21881,111594651
1182108426,1074132731,32669,32343,7,'Slime',41,109929826
1182108426,1074132720,32669,32342,7,'Slime',18467,110206176
1182108427,1073754794,32663,32340,6,'Poison Spider',6334,108890453
1182108427,1074134201,32662,32343,7,'Bat',26500,110331061
1182108427,1073754793,32661,32349,6,'Poison Spider',19169,109083028
1182108427,1073754792,32657,32350,6,'Poison Spider',15724,109031337
1182108429,1073754794,32663,32340,6,'Poison Spider',11478,108967615
1182108429,1073754793,32660,32349,6,'Poison Spider',29358,109235860
1182108433,1073754126,32655,32332,6,'Poison Spider',26962,109197779
1182108433,1074134427,32663,32330,8,'Wild Warrior',24464,110301247
1182108434,1073754794,32664,32340,6,'Poison Spider',5705,108881030
1182108434,1073754126,32654,32332,6,'Poison Spider',28145,109215520
1182108434,1074129345,32652,32329,8,'Wild Warrior',23281,110268195
1182108434,1074129951,32661,32329,8,'Wild Warrior',16827,110173248
1182108434,1074132502,32665,32329,8,'Wild Warrior',9961,110077931
1182108434,1073754794,32664,32340,6,'Poison Spider',491,108802820
1182108434,1074134427,32664,32330,8,'Wild Warrior',2995,109979218
1182108434,1074129345,32653,32329,8,'Wild Warrior',11942,110098115
1182108434,1074132502,32664,32329,8,'Wild Warrior',4827,110000916
1182108434,1073754128,32654,32331,6,'Centipede',5436,108874832
1182108434,1073754124,32657,32330,6,'Poison Spider',32391,109279205
1182108434,1074127682,32655,32328,8,'Bandit',14604,110132981
1182108434,1074132605,32656,32329,8,'Wild Warrior',3902,109987310
1182108435,1074134201,32661,32339,7,'Bat',153,109935831
1182108435,1074134427,32663,32330,8,'Wild Warrior',292,109938669
1182108435,1074129345,32654,32329,8,'Wild Warrior',12382,110104721
1182108435,1074129951,32662,32328,8,'Wild Warrior',17421,110182157
1182108435,1074132502,32664,32330,8,'Wild Warrior',18716,110209259
1182108435,1073754124,32657,32331,6,'Poison Spider',19718,109089118
1182108435,1074127682,32655,32329,8,'Bandit',19895,110212354
1182108435,1074132605,32656,32330,8,'Wild Warrior',5447,110010493
1182108435,1073754126,32653,32332,6,'Poison Spider',21726,109119231
1182108435,1074134427,32663,32330,8,'Wild Warrior',14771,110155854
1182108435,1074129345,32654,32330,8,'Wild Warrior',11538,110092068
1182108435,1074129951,32662,32328,8,'Wild Warrior',1869,109948877
1182108435,1073754128,32654,32332,6,'Centipede',19912,109091980
1182108435,1073754124,32657,32330,6,'Poison Spider',25667,109178346
1182108435,1074127682,32655,32330,8,'Bandit',26299,110308421
1182108435,1074132605,32656,32330,8,'Wild Warrior',17035,110184313
1182108436,1074134427,32662,32330,8,'Wild Warrior',9894,110082695
1182108436,1074129345,32654,32331,8,'Wild Warrior',28703,110349551
1182108436,1074129951,32662,32329,8,'Wild Warrior',23811,110278015
1182108436,1074132502,32663,32330,8,'Wild Warrior',31322,110398345
1182108436,1073754124,32657,32330,6,'Poison Spider',30333,109248337
1182108436,1074127682,32655,32331,8,'Bandit',17673,110179039
1182108436,1074132605,32656,32331,8,'Wild Warrior',4664,109998756
1182108436,1074129345,32654,32332,8,'Wild Warrior',15141,110146128
1182108436,1074132502,32663,32330,8,'Wild Warrior',7711,110044180
1182108436,1074127682,32655,32331,8,'Bandit',28253,110337739
1182108437,1074129345,32654,32332,8,'Wild Warrior',6868,110022034
1182108437,1074129951,32662,32329,8,'Wild Warrior',25547,110304056
1182108437,1073754128,32654,32333,6,'Centipede',27644,109207969
1182108437,1074127682,32655,32331,8,'Bandit',32662,110403875
1182108437,1074132605,32656,32331,8,'Wild Warrior',32757,110420152
1182108437,1074134201,32664,32338,7,'Bat',20037,110234101
1182108437,1074129951,32662,32328,8,'Wild Warrior',12859,110113729
1182108437,1074127682,32655,32331,8,'Bandit',8723,110044790
1182108438,1074134201,32665,32338,7,'Bat',9741,110079667
1182108438,1074129345,32655,32332,8,'Wild Warrior',27529,110331955
1182108438,1073754124,32657,32330,6,'Poison Spider',778,108805014
1182108438,1074127682,32655,32331,8,'Bandit',12316,110098686
1182108438,1074132605,32657,32331,8,'Wild Warrior',3035,109974328
1182108438,1074129923,32665,32333,8,'Smuggler',22190,110253609
1182108438,1074129345,32655,32332,8,'Wild Warrior',1842,109946650
1182108438,1074127682,32655,32331,8,'Bandit',288,109918266
1182108438,1074129923,32665,32333,8,'Smuggler',30106,110372349
1182108439,1074134201,32665,32338,7,'Bat',9040,110069153
1182108439,1073754128,32653,32332,6,'Centipede',8942,108927429
1182108439,1074127682,32655,32331,8,'Bandit',19264,110202907
1182108439,1074132605,32657,32331,8,'Wild Warrior',22648,110268524
1182108439,1074134201,32665,32339,7,'Bat',27446,110345250
1182108439,1074134427,32661,32330,8,'Wild Warrior',23805,110291358
1182108439,1074127682,32655,32331,8,'Bandit',15890,110152297
1182108440,1074134201,32665,32340,7,'Bat',6729,110034503
1182108440,1073754124,32657,32332,6,'Poison Spider',24370,109158910
1182108440,1074127682,32655,32331,8,'Bandit',15350,110144198
1182108440,1074132605,32656,32331,8,'Wild Warrior',15006,110153890
1182108440,1074129923,32665,32333,8,'Smuggler',31101,110387276
1182108440,1073754794,32665,32340,6,'Poison Spider',24393,109161361
1182108440,1073754124,32657,32331,6,'Poison Spider',3548,108846573
1182108440,1074132605,32656,32331,8,'Wild Warrior',19629,110223235
1182108441,1073754794,32665,32340,6,'Poison Spider',12623,108984812
1182108441,1073754128,32653,32332,6,'Centipede',24084,109154561
1182108441,1074132605,32656,32331,8,'Wild Warrior',19954,110228111
1182108442,1074129923,32665,32333,8,'Smuggler',18756,110202103
1182108442,1073754128,32652,32331,6,'Centipede',11840,108970890
1182108443,1073754165,32667,32339,6,'Skeleton',4966,108868010
1182108443,1074129951,32664,32328,8,'Wild Warrior',7376,110031500
1182108443,1073754794,32665,32339,6,'Poison Spider',13931,109004427
1182108444,1073754165,32666,32339,6,'Skeleton',26308,109188136
1182108444,1074131742,32666,32338,7,'Slime',16944,110180372
1182108444,1073754794,32665,32338,6,'Poison Spider',32439,109282041
1182108444,1073754128,32652,32331,6,'Centipede',24626,109162682
1182108445,1074131742,32665,32338,7,'Slime',11323,110096053
1182108446,1074129923,32665,32333,8,'Smuggler',5537,110003822
1182108446,1073754128,32653,32330,6,'Centipede',21538,109116362
1182108447,1073754165,32667,32337,6,'Skeleton',16118,109035280
1182108447,1074129923,32665,32332,8,'Smuggler',2082,109951991
1182108447,1074132605,32656,32331,8,'Wild Warrior',22929,110272742
1182108448,1073754165,32666,32337,6,'Skeleton',16541,109041621
1182108448,1074131742,32662,32338,7,'Slime',4833,109998691
1182108448,1074132605,32656,32331,8,'Wild Warrior',31115,110395533
1182108449,1074134427,32663,32329,8,'Wild Warrior',4639,110003881
1182108449,1074131742,32662,32339,7,'Slime',29658,110371074
1182108453,1074129923,32665,32332,8,'Smuggler',22704,110261327
1182108454,1074134427,32662,32328,8,'Wild Warrior',9930,110083239
1182108454,1073754794,32667,32337,6,'Poison Spider',13977,109005124
1182108456,1074129923,32665,32333,8,'Smuggler',2306,109955367
1182108458,1074133848,32666,32331,8,'Smuggler',31673,110407640
1182108459,1074132731,32667,32345,7,'Slime',22386,110265038
1182108459,1074132720,32666,32344,7,'Slime',5021,110004518
1182108459,1074133848,32666,32331,8,'Smuggler',28745,110363721
1182108459,1074132502,32665,32332,8,'Wild Warrior',26924,110332422
1182108459,1074129271,32665,32346,7,'Slime',19072,110204945
1182108459,1073754165,32666,32338,6,'Skeleton',6270,108887574
1182108459,1074132720,32666,32345,7,'Slime',5829,110016645
1182108459,1073754792,32657,32347,6,'Poison Spider',26777,109197143
1182108460,1073754165,32665,32338,6,'Skeleton',15573,109027115
1182108460,1074132731,32667,32345,7,'Slime',5097,110005704
1182108460,1073754792,32657,32347,6,'Poison Spider',16512,109043169
1182108460,1074129271,32665,32346,7,'Slime',23986,110278656
1182108460,1074132731,32667,32346,7,'Slime',13290,110128606
1182108460,1073754793,32662,32352,6,'Poison Spider',9161,108932967
1182108461,1074129271,32665,32346,7,'Slime',18636,110198407
1182108463,1074134201,32670,32352,7,'Bat',22355,110269025
1182108463,1073754793,32661,32352,6,'Poison Spider',24767,109167055
1182108466,1073754165,32669,32338,6,'Skeleton',23655,109148371
1182108467,1073754794,32670,32337,6,'Poison Spider',15574,109029107
1182108467,1074132731,32667,32346,7,'Slime',4031,109989728
1182108468,1073754165,32668,32339,6,'Skeleton',12052,108974330
1182108468,1074132720,32666,32345,7,'Slime',27350,110339469
1182108468,1074132502,32664,32333,8,'Wild Warrior',1150,109945823
1182108468,1073754123,32671,32334,6,'Poison Spider',16941,109047584
1182108468,1074129923,32664,32332,8,'Smuggler',21724,110246637
1182108469,1074134427,32667,32331,8,'Wild Warrior',13966,110143840
1182108469,1074129951,32661,32330,8,'Wild Warrior',3430,109972335
1182108469,1073754123,32671,32334,6,'Poison Spider',31107,109260075
1182108469,1073754164,32671,32333,6,'Skeleton',30191,109246386
1182108469,1074132080,32665,32330,8,'Smuggler',18007,110197345
1182108469,1073754165,32668,32340,6,'Skeleton',11337,108963613
1182108469,1074134427,32667,32332,8,'Wild Warrior',15457,110166212
1182108469,1073754123,32672,32334,6,'Poison Spider',12287,108977780
1182108469,1074129923,32663,32333,8,'Smuggler',27753,110337075
1182108469,1074132080,32665,32331,8,'Smuggler',10383,110082992
1182108470,1074134427,32666,32332,8,'Wild Warrior',14945,110158528
1182108470,1073754124,32660,32331,6,'Poison Spider',8909,108927033
1182108470,1074129923,32663,32333,8,'Smuggler',32209,110403916
1182108470,1073754164,32671,32334,6,'Skeleton',9758,108939899
1182108470,1074134427,32666,32332,8,'Wild Warrior',24221,110297668
1182108470,1074132502,32663,32335,8,'Wild Warrior',18588,110207404
1182108470,1073754123,32672,32335,6,'Poison Spider',6422,108889813
1182108470,1074129923,32663,32333,8,'Smuggler',24946,110294971
1182108471,1074134427,32665,32331,8,'Wild Warrior',27506,110346932
1182108471,1073754124,32660,32330,6,'Poison Spider',13030,108988842
1182108471,1073754123,32672,32335,6,'Poison Spider',16413,109039679
1182108471,1073754165,32667,32339,6,'Skeleton',29168,109231068
1182108471,1074134427,32665,32331,8,'Wild Warrior',900,109947842
1182108471,1074132502,32662,32334,8,'Wild Warrior',32591,110417438
1182108471,1073754123,32673,32335,6,'Poison Spider',18762,109074919
1182108472,1074134427,32665,32330,8,'Wild Warrior',1655,109959161
1182108472,1073754124,32659,32330,6,'Poison Spider',17410,109054538
1182108472,1073754123,32673,32336,6,'Poison Spider',6359,108888882
1182108472,1073754164,32671,32334,6,'Skeleton',27624,109207891
1182108472,1073754124,32660,32330,6,'Poison Spider',20537,109101448
1182108473,1074132502,32661,32331,8,'Wild Warrior',21548,110251769
1182108473,1073754164,32670,32334,6,'Skeleton',6483,108890772
1182108473,1074129951,32661,32330,8,'Wild Warrior',27595,110334814
1182108473,1074132502,32661,32331,8,'Wild Warrior',4041,109989164
1182108473,1073754123,32673,32335,6,'Poison Spider',3602,108847521
1182108474,1074129951,32661,32330,8,'Wild Warrior',24350,110286140
1182108475,1073754165,32665,32339,6,'Skeleton',10291,108947907
1182108475,1073754123,32672,32334,6,'Poison Spider',30836,109256021
1182108475,1073754164,32670,32336,6,'Skeleton',9374,108934153
1182108475,1073754165,32665,32339,6,'Skeleton',11020,108958842
1182108475,1074133848,32662,32331,8,'Smuggler',4596,110001482
1182108475,1073754164,32670,32336,6,'Skeleton',24021,109153858
1182108478,1073754163,32673,32335,6,'Skeleton',27348,109203771
1182108479,1074133848,32662,32331,8,'Smuggler',23199,110280531
1182108479,1073754124,32659,32331,6,'Poison Spider',19668,109088422
1182108479,1073754163,32673,32334,6,'Skeleton',24484,109160805
1182108480,1073754165,32664,32339,6,'Skeleton',8281,108917757
1182108480,1073754124,32660,32331,6,'Poison Spider',4734,108864418
1182108480,1074129923,32663,32331,8,'Smuggler',53,109921572
1182108480,1073754165,32664,32339,6,'Skeleton',1999,108823527
1182108493,1074135444,32654,32330,8,'Bandit',26418,110333545
1182108493,1074129923,32662,32331,8,'Smuggler',27938,110339855
1182108493,1073754123,32671,32333,6,'Poison Spider',6900,108896987
1182108494,1074135444,32655,32330,8,'Bandit',3788,109994101
1182108498,1073754794,32667,32337,6,'Poison Spider',18127,109067418
1182108500,1074132080,32663,32331,8,'Smuggler',467,109934273
1182108506,1073754164,32672,32333,6,'Skeleton',3728,108849483
1182108507,1073754124,32655,32334,6,'Poison Spider',14893,109016826
1182108507,1073754123,32672,32332,6,'Poison Spider',24648,109163219
1182108509,1073754792,32659,32346,6,'Poison Spider',22483,109132786
1182108509,1073754124,32655,32333,6,'Poison Spider',17807,109060531
1182108510,1073754793,32661,32351,6,'Poison Spider',2421,108831905
1182108510,1073754792,32658,32347,6,'Poison Spider',14310,109010194
1182108511,1073754165,32664,32342,6,'Skeleton',6617,108892849
1182108511,1073754125,32656,32353,6,'Poison Spider',22813,109135771
1182108512,1073754793,32661,32349,6,'Poison Spider',9514,108938288
1182108514,1074133831,32649,32349,7,'Wild Warrior',14309,110147267
1182108514,1073754125,32655,32353,6,'Poison Spider',7616,108907814
1182108516,1074131893,32647,32347,7,'Smuggler',18935,110210769
1182108517,1074131721,32648,32353,7,'Poison Spider',17451,110188106
1182108517,1073754792,32654,32347,6,'Poison Spider',20600,109104531
1182108518,1074131893,32647,32349,7,'Smuggler',5249,110005495
1182108520,1074127390,32633,32342,8,'Smuggler',16519,110160930
1182108521,1074132938,32633,32350,7,'Smuggler',31556,110403175
1182108521,1074129528,32633,32353,6,'Wild Warrior',22798,110261637
1182108521,1074129846,32632,32349,6,'Smuggler',30303,110375081
1182108521,1074134854,32631,32351,7,'Smuggler',6224,110028940
1182108522,1074127390,32631,32343,8,'Smuggler',11008,110078264
1182108522,1074129528,32633,32353,6,'Wild Warrior',5844,110007328
1182108522,1074134854,32631,32351,7,'Smuggler',32609,110424716
1182108522,1074132210,32631,32352,6,'Wild Warrior',14989,110152532
1182108522,1074132157,32631,32354,6,'Smuggler',32702,110418030
1182108522,1074134650,32630,32346,7,'Smuggler',3195,109982854
1182108522,1074129528,32633,32352,6,'Wild Warrior',20485,110226936
1182108522,1074129846,32632,32350,6,'Smuggler',3093,109966939
1182108522,1074132210,32630,32352,6,'Wild Warrior',14343,110142837
1182108522,1074134650,32630,32346,7,'Smuggler',30523,110392774
1182108523,1074129846,32633,32350,6,'Smuggler',1587,109944355
1182108523,1074134854,32630,32351,7,'Smuggler',29314,110375287
1182108523,1074134650,32630,32345,7,'Smuggler',9503,110077468
1182108523,1074132938,32633,32349,7,'Smuggler',7448,110041550
1182108523,1074129528,32633,32351,6,'Wild Warrior',25200,110297655
1182108523,1074134854,32630,32350,7,'Smuggler',13458,110137440
1182108524,1074132938,32633,32349,7,'Smuggler',6618,110029101
1182108524,1074129846,32633,32349,6,'Smuggler',20580,110229244
1182108524,1074134854,32630,32350,7,'Smuggler',19796,110232511
1182108524,1074132157,32632,32353,6,'Smuggler',14798,110149470
1182108524,1074129846,32632,32349,6,'Smuggler',15281,110149754
1182108525,1074129528,32634,32351,6,'Wild Warrior',19589,110213497
1182108525,1074132157,32632,32354,6,'Smuggler',20798,110239478
1182108526,1074134522,32624,32347,7,'Bandit',28009,110354635
1182108526,1074129528,32634,32352,6,'Wild Warrior',27157,110327025
1182108526,1074134854,32630,32350,7,'Smuggler',20472,110242653
1182108526,1074134522,32624,32347,7,'Bandit',23622,110288830
1182108526,1074134650,32628,32346,7,'Smuggler',18538,110212993
1182108527,1074134816,32623,32345,7,'Smuggler',12292,110119770
1182108527,1074134854,32631,32350,7,'Smuggler',6038,110026149
1182108527,1074132157,32632,32354,6,'Smuggler',24179,110290195
1182108527,1074134650,32629,32346,7,'Smuggler',18190,110207779
1182108527,1074134854,32632,32350,7,'Smuggler',29657,110380439
1182108528,1074134522,32626,32347,7,'Bandit',7958,110053882
1182108528,1074134650,32628,32346,7,'Smuggler',6191,110027790
1182108528,1074129846,32631,32349,6,'Smuggler',19815,110217763
1182108529,1074134522,32627,32347,7,'Bandit',22888,110277838
1182108533,1073754792,32652,32347,6,'Poison Spider',19156,109082877
1182108533,1073754125,32652,32351,6,'Poison Spider',11511,108966229
1182108536,1073754793,32659,32350,6,'Poison Spider',16202,109038629
1182108536,1073754792,32652,32346,6,'Poison Spider',2634,108835043
1182108538,1074136038,32654,32351,7,'Poison Spider',24272,110303409
1182108538,1073754793,32658,32349,6,'Poison Spider',20055,109096414
1182108541,1073754794,32666,32339,6,'Poison Spider',20328,109100485
1182108543,1074134560,32660,32353,8,'Wild Warrior',22646,110274632
1182108544,1074132869,32658,32354,8,'Bandit',26362,110325219
1182108544,1074136119,32660,32347,7,'Bat',4886,110012740
1182108544,1074134167,32662,32354,8,'Bandit',18875,110216828
1182108544,1074134560,32660,32353,8,'Wild Warrior',28433,110361438
1182108544,1074136119,32660,32346,7,'Bat',29869,110387478
1182108545,1073754793,32657,32348,6,'Poison Spider',20142,109097714
1182108545,1074134560,32660,32353,8,'Wild Warrior',23844,110292604
1182108546,1074134201,32671,32353,7,'Bat',1416,109955035
1182108546,1073754793,32656,32348,6,'Poison Spider',21881,109123795
1182108546,1074134167,32659,32354,8,'Bandit',31998,110413660
1182108547,1074134201,32671,32353,7,'Bat',10322,110088626
1182108549,1074106396,32666,32364,7,'Wolf',18651,110130213
1182108549,1074134167,32660,32354,8,'Bandit',10021,110084013
1182108550,1074134560,32660,32352,8,'Wild Warrior',5699,110020427
1182108550,1074106396,32665,32364,7,'Wolf',3557,109903799
1182108550,1074132869,32658,32354,8,'Bandit',28476,110356935
1182108550,1074132432,32662,32363,8,'Bandit',27892,110346947
1182108551,1074135163,32657,32367,8,'Bandit',24389,110302599
1182108551,1074104571,32661,32367,7,'Orc Rider',5075,109921161
1182108551,1074132686,32663,32366,8,'Wild Warrior',10712,110090114
1182108551,1074135163,32658,32367,8,'Bandit',2600,109975769
1182108552,1074106396,32664,32364,7,'Wolf',2510,109888091
1182108552,1074132686,32663,32364,8,'Wild Warrior',21003,110244466
1182108552,1074107142,32655,32369,7,'Orc Rider',26869,110255769
1182108552,1074106396,32665,32364,7,'Wolf',17861,110118361
1182108552,1074104571,32661,32369,7,'Orc Rider',14688,110065371
1182108552,1074107142,32655,32369,7,'Orc Rider',13401,110053749
1182108552,1074126853,32660,32371,8,'Wild Warrior',9789,110058791
1182108552,1073886222,32659,32372,7,'Wolf',15255,109418775
1182108552,1074110026,32662,32372,7,'Orc Rider',16423,110107787
1182108552,1074099235,32664,32372,7,'Snake',5002,109904057
1182108552,1074135106,32651,32370,9,'Slime',10585,110095358
1182108553,1074132432,32661,32362,8,'Bandit',24182,110291288
1182108553,1074104571,32661,32369,7,'Orc Rider',10285,109999327
1182108553,1074132686,32663,32364,8,'Wild Warrior',27088,110335742
1182108553,1074107142,32655,32368,7,'Orc Rider',31426,110324118
1182108553,1074126853,32660,32372,8,'Wild Warrior',28617,110341219
1182108553,1074110026,32662,32371,7,'Orc Rider',23757,110217791
1182108553,1074099235,32664,32372,7,'Snake',9832,109976508
1182108553,1074135106,32651,32370,9,'Slime',30932,110400564
1182108553,1074106396,32665,32365,7,'Wolf',4169,109912989
1182108553,1074104571,32660,32369,7,'Orc Rider',2154,109877357
1182108553,1074132686,32662,32364,8,'Wild Warrior',25721,110315232
1182108553,1074107142,32656,32368,7,'Orc Rider',17189,110110568
1182108553,1074110026,32662,32371,7,'Orc Rider',19976,110161076
1182108553,1074099235,32663,32372,7,'Snake',31329,110298958
1182108554,1074104571,32660,32369,7,'Orc Rider',2368,109880568
1182108554,1074107142,32656,32368,7,'Orc Rider',28692,110283114
1182108554,1074099414,32653,32369,7,'Wolf',21425,110150852
1182108554,1074132432,32659,32362,8,'Bandit',10555,110086874
1182108554,1074132686,32661,32364,8,'Wild Warrior',3434,109980923
1182108554,1074107142,32656,32368,7,'Orc Rider',16549,110100969
1182108554,1074099235,32663,32371,7,'Snake',7441,109940632
1182108555,1074132432,32659,32362,8,'Bandit',9512,110071230
1182108555,1074104571,32659,32369,7,'Orc Rider',30145,110297219
1182108555,1074107142,32656,32367,7,'Orc Rider',18060,110123628
1182108555,1074106396,32665,32365,7,'Wolf',21718,110176226
1182108555,1074132432,32659,32362,8,'Bandit',3753,109984845
1182108555,1074132686,32661,32364,8,'Wild Warrior',16139,110171499
1182108555,1074107142,32657,32367,7,'Orc Rider',12423,110039078
1182108556,1074132432,32659,32362,8,'Bandit',16279,110172736
1182108556,1074104571,32659,32370,7,'Orc Rider',25996,110234992
1182108556,1074107142,32657,32367,7,'Orc Rider',16687,110103039
1182108556,1074099414,32654,32368,7,'Wolf',12529,110017412
1182108556,1074104571,32659,32369,7,'Orc Rider',22549,110183280
1182108556,1074132686,32660,32364,8,'Wild Warrior',17437,110190965
1182108556,1074099414,32654,32368,7,'Wolf',19866,110127467
1182108565,1074136365,32662,32364,9,'Slime',12949,110134621
1182108565,1074132686,32658,32361,8,'Wild Warrior',193,109932283
1182108565,1074107142,32660,32367,7,'Orc Rider',23195,110200683
1182108565,1074136365,32662,32364,9,'Slime',3297,109989841
1182108567,1074135785,32665,32357,9,'Slime',20416,110244854
1182108567,1074107142,32661,32366,7,'Orc Rider',28286,110277048
1182108567,1074099414,32655,32364,7,'Wolf',16105,110071040
1182108567,1074135785,32665,32357,9,'Slime',24488,110305934
1182108579,1074133290,32667,32367,8,'Bandit',16282,110175453
1182108579,1074099414,32654,32367,7,'Wolf',12455,110016318
1182108580,1074106396,32670,32366,7,'Wolf',25734,110236523
1182108580,1074136365,32663,32362,9,'Slime',18114,110212102
1182108580,1074133290,32667,32367,8,'Bandit',11701,110106739
1182108580,1074106396,32671,32366,7,'Wolf',31316,110320258
1182108580,1074135785,32665,32359,9,'Slime',20671,110248706
1182108580,1074129499,32670,32356,8,'Centipede',5786,110006618
1182108581,1074133290,32667,32367,8,'Bandit',12263,110115170
1182108581,1074135785,32664,32359,9,'Slime',4313,110003332
1182108581,1074136365,32663,32361,9,'Slime',24355,110305711
1182108582,1073886222,32657,32372,7,'Wolf',31185,109657745
1182108582,1074104571,32657,32373,7,'Orc Rider',20053,110145884
1182108582,1074107142,32661,32368,7,'Orc Rider',912,109866467
1182108582,1074110026,32658,32374,7,'Orc Rider',10808,110023586
1182108583,1074136365,32663,32361,9,'Slime',1832,109967868
1182108583,1074104571,32657,32373,7,'Orc Rider',20945,110159265
1182108583,1074110026,32658,32373,7,'Orc Rider',4313,109926155
1182108583,1073886222,32657,32371,7,'Wolf',27756,109606304
1182108584,1074131387,32669,32367,8,'Bandit',28321,110350344
1182108584,1074104571,32657,32372,7,'Orc Rider',19558,110138454
1182108584,1073886222,32658,32371,7,'Wolf',23646,109544660
1182108584,1074136365,32662,32361,9,'Slime',27982,110360114
1182108584,1074104571,32656,32372,7,'Orc Rider',481,109852294
1182108584,1074135106,32651,32372,9,'Slime',4144,109998789
1182108585,1074136365,32661,32361,9,'Slime',23196,110288320
1182108585,1074099235,32663,32364,7,'Snake',20222,110132329
1182108585,1074131387,32668,32366,8,'Bandit',7129,110032453
1182108585,1074135106,32651,32372,9,'Slime',2161,109969045
1182108586,1074107142,32660,32368,7,'Orc Rider',5535,109935811
1182108586,1074131387,32668,32366,8,'Bandit',20450,110232269
1182108586,1074104571,32656,32372,7,'Orc Rider',11173,110012676
1182108586,1074107142,32659,32368,7,'Orc Rider',10466,110009771
1182108586,1074099414,32654,32368,7,'Wolf',12044,110010167
1182108587,1074104571,32656,32372,7,'Orc Rider',21659,110169967
1182108587,1074135106,32651,32373,9,'Slime',26292,110331019
1182108587,1074099414,32654,32367,7,'Wolf',26439,110226086
1182108587,1073886222,32660,32370,7,'Wolf',17253,109448771
1182108587,1074135106,32652,32373,9,'Slime',20024,110237004
1182108588,1074107142,32659,32367,7,'Orc Rider',26154,110245086
1182108588,1073886222,32660,32371,7,'Wolf',29510,109632634
1182108588,1074099235,32664,32365,7,'Snake',4745,109900189
1182108588,1074107142,32659,32368,7,'Orc Rider',20649,110162518
1182108588,1074099414,32655,32367,7,'Wolf',13186,110027297
1182108589,1074099235,32665,32365,7,'Snake',8313,109953715
1182108590,1074106396,32676,32365,7,'Wolf',4474,109917656
1182108593,1074035252,32682,32366,7,'Snake',28022,110057497
1182108594,1074100497,32684,32371,7,'War Wolf',2168,109865507
1182108594,1074106396,32676,32365,7,'Wolf',14018,110060820
1182108596,1074076644,32690,32373,7,'Ghoul',18787,110043240
1182108596,1074100497,32683,32370,7,'War Wolf',9905,109981552
1182108599,1074124485,32693,32367,7,'Wolf',17958,110174291
1182108599,1074076644,32689,32373,7,'Ghoul',7391,109872298
1182108599,1074114410,32687,32375,7,'Wolf',10202,110027752
1182108600,1074124485,32694,32367,7,'Wolf',3625,109959302
1182108600,1074134724,32686,32377,8,'Wild Warrior',26477,110332944
1182108601,1074114410,32686,32375,7,'Wolf',4414,109940929
1182108601,1074033775,32694,32379,7,'Wolf',9314,109772592
1182108601,1074134724,32686,32376,8,'Wild Warrior',25824,110323143
1182108601,1074131930,32684,32378,8,'Wild Warrior',29334,110367415
1182108602,1074076644,32690,32373,7,'Ghoul',25874,110149551
1182108602,1074033775,32693,32379,7,'Wolf',24372,109998458
1182108602,1074131930,32684,32377,8,'Wild Warrior',20159,110229784
1182108602,1073973039,32686,32381,7,'Wolf',11833,109628144
1182108602,1074114410,32684,32375,7,'Wolf',28070,110295760
1182108602,1074033775,32693,32379,7,'Wolf',7487,109745183
1182108602,1073973039,32686,32380,7,'Wolf',28297,109875097
1182108603,1074076644,32689,32373,7,'Ghoul',7518,109874207
1182108603,1074033775,32693,32378,7,'Wolf',8177,109755527
1182108612,1074036401,32691,32382,7,'Wolf',17773,109907372
1182108612,1074076644,32691,32378,7,'Ghoul',32270,110245541
1182108612,1074114410,32682,32376,7,'Wolf',1763,109901162
1182108617,1074036401,32691,32383,7,'Wolf',2668,109680809
1182108625,1074035252,32683,32362,7,'Snake',17192,109895056
1182108625,1074106396,32677,32373,7,'Wolf',13985,110060417
1182108625,1074124485,32693,32361,7,'Wolf',3102,109951435
1182108626,1074035252,32682,32362,7,'Snake',8480,109764372
1182108627,1074100497,32676,32374,7,'War Wolf',29213,110271196
1182108629,1074033775,32686,32375,7,'Wolf',7627,109747247
1182108631,1074110026,32665,32370,7,'Orc Rider',4802,109933552
1182108632,1074136365,32661,32363,9,'Slime',4099,110001926
1182108632,1074107142,32663,32365,7,'Orc Rider',30527,110310731
1182108633,1074136798,32659,32362,8,'Wild Warrior',2625,109981179
1182108633,1074099235,32660,32365,7,'Snake',1543,109852184
1182108633,1074135785,32659,32360,9,'Slime',1924,109967531
1182108634,1074136798,32659,32364,8,'Wild Warrior',11023,110107164
1182108634,1074104571,32657,32367,7,'Orc Rider',29972,110294679
1182108635,1073886222,32656,32369,7,'Wolf',13061,109385912
1182108635,1074099414,32655,32375,7,'Wolf',14181,110042325
1182108635,1074104571,32657,32366,7,'Orc Rider',31003,110310138
1182108635,1074099235,32660,32365,7,'Snake',27432,110240521
1182108635,1074135106,32651,32371,9,'Slime',17505,110199248
1182108635,1074099414,32655,32375,7,'Wolf',27593,110243505
1182108636,1074099235,32660,32365,7,'Snake',22725,110169917
1182108636,1073886222,32655,32369,7,'Wolf',13031,109385458
1182108639,1074113865,32644,32363,7,'Poison Spider',8492,110000325
1182108639,1074127073,32641,32364,7,'Poison Spider',142,109914691
1182108639,1073886222,32654,32367,7,'Wolf',17222,109448307
1182108639,1074135106,32650,32372,9,'Slime',31286,110405969
1182108640,1074127073,32640,32364,7,'Poison Spider',13064,110108517
1182108640,1074105626,32639,32365,7,'Poison Spider',7900,109966718
1182108640,1074135106,32649,32372,9,'Slime',19187,110224480
1182108640,1074113865,32644,32364,7,'Poison Spider',8360,109998353
1182108640,1074105626,32639,32365,7,'Poison Spider',22413,110184413
1182108642,1074099414,32653,32376,7,'Wolf',30974,110294224
1182108642,1074113865,32645,32365,7,'Poison Spider',14270,110087017
1182108643,1073899082,32649,32378,7,'Wolf',29170,109666163
1182108643,1074099414,32653,32376,7,'Wolf',235,109833140
1182108645,1074137407,32648,32369,9,'Slime',30833,110406052
1182108645,1073899082,32649,32378,7,'Wolf',19711,109524280
1182108646,1074102804,32655,32380,7,'Orc Rider',25760,110226291
1182108654,1074137407,32647,32368,9,'Slime',18896,110226994
1182108656,1074127073,32644,32365,7,'Poison Spider',4667,109982605
1182108656,1074105626,32640,32367,7,'Poison Spider',7285,109957528
1182108656,1074099414,32653,32374,7,'Wolf',12550,110017864
1182108656,1074127073,32644,32365,7,'Poison Spider',140,109914700
1182108659,1073886222,32658,32371,7,'Wolf',13694,109395455
1182108659,1074104571,32659,32365,7,'Orc Rider',2695,109885545
1182108659,1074107142,32660,32368,7,'Orc Rider',21624,110177219
1182108659,1073886222,32658,32371,7,'Wolf',28019,109610330
1182108659,1074137407,32647,32370,9,'Slime',2125,109975448
1182108660,1074113865,32647,32364,7,'Poison Spider',26576,110271628
1182108660,1074107142,32660,32368,7,'Orc Rider',21694,110178270
1182108660,1074137407,32647,32370,9,'Slime',22658,110283444
1182108661,1074135785,32662,32360,9,'Slime',26302,110333244
1182108661,1074107142,32661,32367,7,'Orc Rider',17371,110113424
1182108661,1073886222,32659,32370,7,'Wolf',22466,109527035
1182108661,1074135785,32662,32359,9,'Slime',4678,110008877
1182108663,1074133078,32647,32355,8,'Bat',22593,110269343
1182108663,1074136365,32662,32363,9,'Slime',23851,110298242
1182108664,1073754792,32654,32353,6,'Poison Spider',25484,109177980
1182108664,1073754165,32661,32352,6,'Skeleton',1018,108809072
1182108664,1074133078,32651,32355,8,'Bat',28464,110357429
1182108666,1073754125,32658,32351,6,'Poison Spider',21119,109110512
1182108667,1073754165,32662,32353,6,'Skeleton',23152,109141097
1182108667,1074135785,32660,32361,9,'Slime',2800,109980717
1182108667,1073754125,32658,32352,6,'Poison Spider',18087,109065040
1182108671,1073754793,32661,32348,6,'Poison Spider',31060,109261630
1182108673,1074136919,32669,32345,8,'Smuggler',1926,109970976
1182108673,1073754164,32663,32344,6,'Skeleton',9010,108928912
1182108673,1074136937,32666,32341,9,'Beholder',4757,110013463
1182108673,1073754793,32661,32348,6,'Poison Spider',32170,109278282
1182108673,1073754164,32663,32345,6,'Skeleton',20315,109098494
1182108674,1074134201,32671,32353,7,'Bat',9576,110077563
1182108674,1073754793,32661,32349,6,'Poison Spider',30227,109249145
1182108674,1073754125,32657,32351,6,'Poison Spider',12043,108974375
1182108674,1074134201,32671,32354,7,'Bat',22758,110275300
1182108674,1074136937,32666,32340,9,'Beholder',7164,110049562
1182108675,1073754125,32658,32351,6,'Poison Spider',5109,108870371
1182108675,1074137557,32657,32339,8,'Bandit',7882,110062104
1182108675,1074136937,32665,32340,9,'Beholder',17086,110198388
1182108676,1073754793,32661,32349,6,'Poison Spider',29565,109239217
1182108676,1074137557,32657,32341,8,'Bandit',3487,109996194
1182108676,1074136919,32667,32345,8,'Smuggler',29577,110385734
1182108676,1073754793,32661,32349,6,'Poison Spider',14474,109012852
1182108688,1074136881,32692,32343,8,'Slime',2625,109981424
1182108693,1073755997,32699,32354,7,'Deer',25627,109183895
1182108696,1073939758,32705,32359,7,'Snake',5629,109435289
1182108696,1073755996,32700,32358,7,'Deer',31928,109278443
1182108696,1074124485,32692,32360,7,'Wolf',25423,110286309
1182108697,1073939758,32705,32360,7,'Snake',28520,109778662
1182108697,1074136562,32697,32361,9,'Slime',6902,110044793
1182108698,1074124485,32693,32359,7,'Wolf',14962,110129394
1182108698,1073755997,32700,32354,7,'Deer',123,108801345
1182108698,1074136562,32698,32361,9,'Slime',24596,110310209
1182108698,1074040406,32696,32364,7,'Wolf',3737,109708832
1182108699,1073755997,32700,32354,7,'Deer',13261,108998416
1182108699,1073939758,32704,32359,7,'Snake',10195,109503777
1182108699,1074040406,32696,32363,7,'Wolf',32525,110140646
1182108722,1074138106,32706,32349,8,'Cave Rat',1264,109964869
1182108723,1074137747,32706,32345,8,'Bat',8260,110068640
1182108727,1074130327,32706,32343,7,'Snake',6202,110015515
1182108727,1074138106,32703,32347,8,'Cave Rat',8116,110067625
1182108737,1073755997,32701,32358,7,'Deer',5030,108875022
1182108741,1073939758,32702,32362,7,'Snake',20326,109655795
1182108748,1074126188,32712,32373,7,'Ghoul',29011,110345494
1182108748,1074129075,32717,32374,7,'Ghoul',30771,110380587
1182108750,1074102226,32724,32363,7,'Skeleton',6411,109934639
1182108755,1074138877,32711,32363,8,'Poison Spider',25547,110331648
1182108755,1074129075,32717,32371,7,'Ghoul',21153,110236303
1182108759,1074040406,32704,32363,7,'Wolf',21520,109975671
1182108759,1074113873,32720,32363,7,'Poison Spider',29790,110320319
1182108759,1074138877,32710,32366,8,'Poison Spider',14924,110172323
1182108760,1074040406,32704,32363,7,'Wolf',30188,110105692
1182108768,1073755997,32701,32355,7,'Deer',21763,109126027
1182108768,1074138837,32699,32355,8,'Poison Spider',4940,110022320
1182108776,1074130327,32704,32337,7,'Snake',20851,110235247
1182108786,1074128659,32711,32328,8,'Poison Spider',18662,110197505
1182108786,1074137897,32700,32327,7,'Wolf',13829,110152534
1182108786,1074136412,32701,32328,9,'Rotworm',30900,110404217
1182108787,1074128659,32711,32328,8,'Poison Spider',17713,110183271
1182108807,1074130327,32701,32339,7,'Snake',18958,110206882
1182108817,1074137897,32704,32324,7,'Wolf',17578,110208799
1182190238,1074039974,32662,32345,8,'Wild Warrior',41,109733448
1182190238,1074032476,32670,32342,7,'Centipede',18467,109987313
1182190238,1074040138,32668,32340,9,'Beholder',6334,109828289
1182190238,1074034922,32667,32350,7,'Slime',26500,110115135
1182190238,1074039499,32668,32349,7,'Slime',19169,110018899
1182190238,1073754127,32661,32352,6,'Centipede',15724,109111135
1182190238,1073754124,32662,32350,6,'Poison Spider',11478,109047479
1182190238,1074036715,32661,32344,8,'Bandit',29358,110163336
1182190238,1073754123,32662,32352,6,'Poison Spider',26962,109279750
1182190238,1074037902,32666,32350,7,'Slime',24464,110093530
1182190238,1074040043,32660,32346,8,'Wild Warrior',5705,109818612
1182190238,1073754125,32658,32353,6,'Poison Spider',28145,109297488
1182190238,1074040864,32655,32341,7,'Wild Warrior',23281,110084644
1182190238,1073754128,32657,32354,6,'Centipede',16827,109127677
1182190239,1074039974,32662,32345,8,'Wild Warrior',9961,109882249
1182190239,1074032476,32669,32342,7,'Centipede',491,109717669
1182190239,1074040138,32668,32339,9,'Beholder',2995,109778198
1182190239,1074039499,32668,32349,7,'Slime',11942,109910495
1182190239,1073754127,32661,32351,6,'Centipede',4827,108947674
1182190239,1073754124,32662,32350,6,'Poison Spider',5436,108956850
1182190239,1073754123,32662,32354,6,'Poison Spider',32391,109361200
1182190239,1074037902,32666,32349,7,'Slime',14604,109945624
1182190239,1074040043,32660,32345,8,'Wild Warrior',3902,109791561
1182190239,1074040864,32655,32341,7,'Wild Warrior',153,109737725
1182190239,1073754128,32656,32354,6,'Centipede',292,108879648
1182190240,1074039974,32662,32345,8,'Wild Warrior',12382,109918565
1182190240,1074040138,32668,32338,9,'Beholder',17421,109994582
1182190240,1074034922,32667,32350,7,'Slime',18716,109998377
1182190240,1074039499,32668,32349,7,'Slime',19718,110027136
1182190240,1073754127,32661,32350,6,'Centipede',19895,109173688
1182190240,1073754123,32662,32354,6,'Poison Spider',5447,108957041
1182190240,1074037902,32666,32349,7,'Slime',21726,110052455
1182190240,1074040043,32659,32344,8,'Wild Warrior',14771,109954585
1182190240,1073754125,32658,32353,6,'Poison Spider',11538,109048385
1182190240,1073754128,32657,32354,6,'Centipede',1869,108903309
1182190240,1074040876,32662,32339,8,'Wild Warrior',19912,110034179
1182190240,1074039974,32662,32345,8,'Wild Warrior',25667,110117840
1182190240,1074040138,32668,32338,9,'Beholder',26299,110127752
1182190240,1074039499,32668,32349,7,'Slime',17035,109986891
1182190240,1073754127,32662,32350,6,'Centipede',9894,109023678
1182190240,1073754124,32663,32350,6,'Poison Spider',28703,109305861
1182190240,1074036715,32661,32340,8,'Bandit',23811,110080105
1182190240,1073754123,32663,32354,6,'Poison Spider',31322,109345171
1182190240,1074040043,32660,32344,8,'Wild Warrior',30333,110188020
1182190240,1073754125,32658,32354,6,'Poison Spider',17673,109140417
1182190240,1073754128,32656,32354,6,'Centipede',4664,108945229
1182190241,1074039974,32662,32345,8,'Wild Warrior',15141,109959951
1182190241,1074040138,32668,32339,9,'Beholder',7711,109848940
1182190241,1074034922,32668,32350,7,'Slime',28253,110141438
1182190241,1074039499,32667,32349,7,'Slime',6868,109834382
1182190241,1073754124,32663,32350,6,'Poison Spider',25547,109258522
1182190241,1073754123,32663,32354,6,'Poison Spider',27644,109290002
1182190241,1073754125,32658,32354,6,'Poison Spider',32662,109365253
1182190241,1073754128,32656,32354,6,'Centipede',32757,109366625
1182190241,1074040876,32662,32341,8,'Wild Warrior',20037,110036069
1182190241,1074039974,32662,32345,8,'Wild Warrior',12859,109925721
1182190241,1074034922,32668,32349,7,'Slime',8723,109848481
1182190241,1074039499,32667,32350,7,'Slime',9741,109877484
1182190241,1073754124,32663,32351,6,'Poison Spider',27529,109288259
1182190242,1074040043,32660,32343,8,'Wild Warrior',778,109744690
1182190242,1073754125,32658,32353,6,'Poison Spider',12316,109060057
1182190242,1074040864,32656,32341,7,'Wild Warrior',3035,109780963
1182190242,1074040876,32662,32342,8,'Wild Warrior',22190,110068372
1182190242,1074034922,32667,32349,7,'Slime',1842,109745262
1182190242,1074039499,32667,32350,7,'Slime',288,109735690
1182190242,1073754124,32663,32352,6,'Poison Spider',30106,109326922
1182190242,1073754123,32662,32353,6,'Poison Spider',9040,109010931
1182190242,1073754125,32658,32353,6,'Poison Spider',8942,109009447
1182190242,1074040864,32657,32341,7,'Wild Warrior',19264,110024403
1182190242,1074040876,32662,32343,8,'Wild Warrior',22648,110075249
1182190243,1074039499,32667,32351,7,'Slime',27446,110143068
1182190243,1073754127,32660,32350,6,'Centipede',23805,109232336
1182190243,1073754124,32663,32352,6,'Poison Spider',15890,109113683
1182190243,1073754123,32662,32353,6,'Poison Spider',6729,108976267
1182190243,1074040043,32660,32343,8,'Wild Warrior',24370,110098571
1182190243,1074040864,32657,32341,7,'Wild Warrior',15350,109965694
1182190243,1074040876,32661,32343,8,'Wild Warrior',15006,109960615
1182190243,1074039499,32667,32351,7,'Slime',31101,110197893
1182190243,1073754124,32663,32352,6,'Poison Spider',24393,109241228
1182190243,1074040043,32660,32343,8,'Wild Warrior',3548,109786241
1182190243,1074040876,32661,32343,8,'Wild Warrior',19629,110029960
1182190244,1074032476,32668,32341,7,'Centipede',12623,109899642
1182190244,1073754124,32663,32352,6,'Poison Spider',24084,109236594
1182190244,1073754123,32662,32353,6,'Poison Spider',19954,109174643
1182190244,1073754125,32658,32354,6,'Poison Spider',18756,109156666
1182190244,1074040876,32661,32343,8,'Wild Warrior',11840,109913126
1182190244,1074039974,32662,32345,8,'Wild Warrior',4966,109807329
1182190244,1074039499,32667,32351,7,'Slime',7376,109842019
1182190244,1073754124,32663,32352,6,'Poison Spider',13931,109084299
1182190245,1073754125,32658,32354,6,'Poison Spider',26308,109269947
1182190245,1074040864,32657,32341,7,'Wild Warrior',16944,109989606
1182190245,1074039974,32662,32345,8,'Wild Warrior',32439,110219425
1182190245,1074032476,32668,32341,7,'Centipede',24626,110079688
1182190245,1073754124,32663,32352,6,'Poison Spider',11323,109045180
1182190245,1074040864,32657,32341,7,'Wild Warrior',5537,109818501
1182190245,1074040876,32661,32343,8,'Wild Warrior',21538,110058597
1182190246,1074032476,32668,32341,7,'Centipede',16118,109952069
1182190246,1073754125,32658,32354,6,'Poison Spider',2082,108906558
1182190246,1074040864,32657,32341,7,'Wild Warrior',22929,110079382
1182190246,1074032476,32668,32341,7,'Centipede',16541,109958414
1182190246,1073754124,32663,32352,6,'Poison Spider',4833,108947831
1182190246,1073754123,32662,32353,6,'Poison Spider',31115,109342060
1182190246,1074040864,32657,32341,7,'Wild Warrior',4639,109805032
1182190247,1073754127,32660,32350,6,'Centipede',29658,109320135
1182190247,1073754124,32663,32352,6,'Poison Spider',22704,109215897
1182190247,1073754125,32658,32354,6,'Poison Spider',9930,109024279
1182190247,1074040864,32657,32341,7,'Wild Warrior',13977,109945103
1182190248,1074039974,32662,32345,8,'Wild Warrior',2306,109767433
1182190248,1073754124,32663,32352,6,'Poison Spider',31673,109350433
1182190248,1073754123,32662,32353,6,'Poison Spider',22386,109211127
1182190248,1074040864,32657,32341,7,'Wild Warrior',5021,109810764
1182190248,1074040138,32668,32340,9,'Beholder',28745,110164464
1182190248,1073754124,32663,32352,6,'Poison Spider',26924,109279198
1182190248,1073754125,32658,32354,6,'Poison Spider',19072,109161410
1182190248,1074040864,32657,32341,7,'Wild Warrior',6270,109829499
1182190249,1074032476,32668,32341,7,'Centipede',5829,109797737
1182190249,1073754124,32663,32352,6,'Poison Spider',26777,109276994
1182190249,1073754123,32662,32353,6,'Poison Spider',15573,109108933
1182190249,1074040864,32657,32341,7,'Wild Warrior',5097,109811905
1182190249,1074039499,32667,32351,7,'Slime',16512,109979064
1182190249,1073754124,32663,32352,6,'Poison Spider',23986,109235129
1182190249,1073754125,32658,32354,6,'Poison Spider',13290,109074681
1182190249,1074040864,32657,32341,7,'Wild Warrior',9161,109872865
1182190250,1074039974,32662,32345,8,'Wild Warrior',18636,110012385
1182190250,1073754124,32663,32352,6,'Poison Spider',22355,109210665
1182190250,1073754123,32662,32353,6,'Poison Spider',24767,109246844
1182190250,1074040864,32657,32341,7,'Wild Warrior',23655,110090276
1182190251,1073754124,32663,32352,6,'Poison Spider',15574,109108951
1182190251,1073754125,32658,32354,6,'Poison Spider',4031,108935798
1182190251,1074040864,32657,32341,7,'Wild Warrior',12052,109916232
1182190251,1074032476,32668,32341,7,'Centipede',27350,110120554
1182190251,1073754125,32658,32354,6,'Poison Spider',1150,108892583
1182190252,1073754123,32662,32353,6,'Poison Spider',16941,109129456
1182190252,1074032476,32668,32341,7,'Centipede',21724,110036165
1182190252,1073754127,32660,32350,6,'Centipede',13966,109084760
1182190252,1073754123,32662,32353,6,'Poison Spider',3430,108926791
1182190252,1074040864,32657,32341,7,'Wild Warrior',31107,110202058
1182190253,1073754127,32660,32350,6,'Centipede',30191,109328136
1182190254,1074039974,32662,32345,8,'Wild Warrior',18007,110002954
1182190254,1074040864,32657,32341,7,'Wild Warrior',11337,109905510
1182190254,1073754128,32655,32354,6,'Centipede',15457,109107133
1182190254,1074039563,32659,32353,7,'Poison Spider',12287,109915964
1182190254,1074032476,32669,32343,7,'Centipede',27753,110126621
1182190254,1074040172,32662,32342,8,'Smuggler',10383,109889115
1182190254,1074039974,32662,32345,8,'Wild Warrior',14945,109957024
1182190255,1073754128,32655,32353,6,'Centipede',8909,109008907
1182190255,1074032476,32669,32342,7,'Centipede',32209,110193455
1182190255,1074039974,32662,32345,8,'Wild Warrior',9758,109879220
1182190255,1073754127,32661,32354,6,'Centipede',24221,109238621
1182190255,1074039563,32658,32353,7,'Poison Spider',18588,110010475
1182190255,1074039499,32667,32348,7,'Slime',6422,109827699
1182190255,1074032476,32669,32342,7,'Centipede',24946,110084510
1182190256,1073754128,32655,32354,6,'Centipede',27506,109287870
1182190256,1073754127,32661,32354,6,'Centipede',13030,109070757
1182190256,1074039499,32667,32347,7,'Slime',16413,109977558
1182190256,1073754128,32655,32354,6,'Centipede',29168,109312800
1182190256,1074039563,32657,32353,7,'Poison Spider',900,109745151
1182190256,1074039499,32667,32347,7,'Slime',32591,110220228
1182190257,1074037902,32666,32346,7,'Slime',18762,110007991
1182190257,1073754164,32655,32354,6,'Skeleton',1655,108900201
1182190257,1073754127,32662,32354,6,'Centipede',17410,109136463
1182190257,1074039563,32656,32353,7,'Poison Spider',6359,109827032
1182190257,1074037902,32667,32346,7,'Slime',27624,110140926
1182190257,1074039974,32662,32346,8,'Wild Warrior',20537,110040914
1182190258,1073754127,32661,32354,6,'Centipede',21548,109198529
1182190258,1074037902,32667,32346,7,'Slime',6483,109823812
1182190258,1074039499,32668,32347,7,'Slime',27595,110145295
1182190258,1073754127,32661,32353,6,'Centipede',4041,108935917
1182190258,1073754123,32662,32353,6,'Poison Spider',3602,108929377
1182190258,1074039563,32657,32353,7,'Poison Spider',24350,110096903
1182190258,1074039499,32668,32347,7,'Slime',10291,109885735
1182190259,1073754128,32655,32353,6,'Centipede',30836,109337816
1182190259,1073754123,32662,32353,6,'Poison Spider',9374,109015958
1182190259,1074037902,32668,32346,7,'Slime',11020,109891873
1182190259,1074039499,32668,32347,7,'Slime',4596,109800311
1182190259,1074040138,32669,32341,9,'Beholder',24021,110093627
1182190259,1073754123,32662,32353,6,'Poison Spider',27348,109285568
1182190259,1074039499,32668,32347,7,'Slime',23199,110079356
1182190262,1074039563,32657,32353,7,'Poison Spider',19668,110026677
1182190262,1073754123,32662,32353,6,'Poison Spider',24484,109242611
1182190262,1074037902,32668,32345,7,'Slime',8281,109850784
1182190263,1074039563,32658,32353,7,'Poison Spider',4734,109802673
1182190263,1074032476,32670,32343,7,'Centipede',53,109711135
1182190263,1074037902,32668,32345,7,'Slime',1999,109756555
1182190263,1074039499,32668,32347,7,'Slime',26418,110127645
1182190263,1074032476,32670,32343,7,'Centipede',27938,110129410
1182190264,1074039062,32668,32351,9,'Slime',6900,109833615
1182190264,1074039499,32668,32347,7,'Slime',3788,109788196
1182190265,1074039563,32658,32351,7,'Poison Spider',18127,110003556
1182190265,1073754128,32653,32354,6,'Centipede',467,108882284
1182190269,1073754163,32664,32338,6,'Skeleton',3728,108931238
1182190271,1073754792,32659,32331,6,'Poison Spider',14893,109100593
1182190271,1074039419,32656,32329,8,'Bandit',24648,110100701
1182190271,1073754163,32666,32339,6,'Skeleton',22483,109212582
1182190271,1074040404,32655,32329,8,'Wild Warrior',17807,110001114
1182190271,1073782505,32656,32328,7,'Poison Spider',2421,108996627
1182190272,1074039419,32656,32331,8,'Bandit',14310,109945646
1182190272,1074040404,32655,32329,8,'Wild Warrior',6617,109833265
1182190272,1073956490,32656,32327,7,'Poison Spider',22813,109824456
1182190272,1074039419,32657,32331,8,'Bandit',9514,109873711
1182190273,1073754163,32666,32338,6,'Skeleton',14309,109089967
1182190273,1073956490,32656,32328,7,'Poison Spider',7616,109596509
1182190291,1074037325,32666,32331,8,'Wild Warrior',18935,110008886
1182190292,1073754163,32663,32339,6,'Skeleton',17451,109137108
1182190293,1074034922,32665,32347,7,'Slime',20600,110026659
1182190294,1074037902,32667,32347,7,'Slime',5249,109805345
1182190294,1074039499,32666,32348,7,'Slime',16519,109979188
1182190294,1073754127,32662,32351,6,'Centipede',31556,109348669
1182190296,1074040138,32669,32337,9,'Beholder',22798,110075291
1182190296,1074032476,32673,32345,7,'Centipede',30303,110164947
1182190297,1074039499,32666,32348,7,'Slime',6224,109824766
1182190299,1073754794,32673,32335,6,'Poison Spider',11008,109042450
1182190300,1074037325,32664,32333,8,'Wild Warrior',5844,109812534
1182190300,1073782505,32655,32333,7,'Poison Spider',32609,109449506
1182190300,1074037051,32671,32333,7,'Poison Spider',14989,109948924
1182190301,1073754794,32673,32334,6,'Poison Spider',32702,109367855
1182190302,1073782505,32654,32333,7,'Poison Spider',3195,109008293
1182190304,1074037902,32667,32344,7,'Slime',20485,110033874
1182190304,1073754794,32671,32334,6,'Poison Spider',3093,108923713
1182190304,1074037325,32663,32337,8,'Wild Warrior',14343,109940046
1182190305,1074037902,32667,32343,7,'Slime',30523,110184438
1182190305,1073754163,32665,32339,6,'Skeleton',1587,108899171
1182190305,1074037325,32663,32337,8,'Wild Warrior',29314,110164612
1182190310,1073754127,32662,32349,6,'Centipede',9503,109017876
1182190310,1074032476,32673,32348,7,'Centipede',7448,109822157
1182190310,1073754163,32667,32337,6,'Skeleton',25200,109253367
1182190311,1073754127,32661,32349,6,'Centipede',13458,109077197
1182190311,1074037902,32666,32342,7,'Slime',6618,109825857
1182190311,1073754163,32667,32337,6,'Skeleton',20580,109184068
1182190314,1074037051,32668,32336,7,'Poison Spider',19796,110021049
1182190315,1074037902,32665,32342,7,'Slime',14798,109948556
1182190315,1074032476,32671,32347,7,'Centipede',15281,109939640
1182190315,1074037051,32668,32335,7,'Poison Spider',19589,110017938
1182190317,1073956490,32657,32331,7,'Poison Spider',20798,109794309
1182190323,1074041966,32657,32343,7,'Scorpion',28009,110158927
1182190323,1073754163,32667,32338,6,'Skeleton',27157,109282742
1182190324,1074034922,32666,32342,7,'Slime',20472,110024740
1182190325,1073754123,32662,32351,6,'Poison Spider',23622,109229730
1182190325,1074032476,32670,32349,7,'Centipede',18538,109988514
1182190325,1073754125,32655,32351,6,'Poison Spider',12292,109059751
1182190325,1073754128,32655,32353,6,'Centipede',6038,108965912
1182190325,1073754124,32663,32353,6,'Poison Spider',24179,109238107
1182190325,1074039563,32657,32352,7,'Poison Spider',18190,110004563
1182190325,1074032476,32671,32349,7,'Centipede',29657,110155304
1182190325,1073754164,32656,32353,6,'Skeleton',7958,108994812
1182190326,1073754128,32654,32353,6,'Centipede',6191,108968203
1182190326,1073754123,32662,32350,6,'Poison Spider',19815,109172619
1182190327,1074038404,32659,32352,8,'Wild Warrior',22888,110071566
1182190328,1074039499,32665,32345,7,'Slime',19156,110018751
1182190328,1074041810,32659,32354,8,'Bat',11511,109911027
1182190328,1073754123,32662,32349,6,'Poison Spider',16202,109118419
1182190328,1074039563,32657,32353,7,'Poison Spider',2634,109771233
1182190328,1074041810,32659,32354,8,'Bat',24272,110102442
1182190333,1074036591,32637,32346,8,'Wild Warrior',20055,110023486
1182190333,1074041314,32636,32349,8,'Wild Warrior',20328,110041766
1182190333,1074038291,32636,32343,8,'Bandit',22646,110067347
1182190333,1074036591,32638,32346,8,'Wild Warrior',26362,110118096
1182190333,1074038210,32635,32340,8,'Smuggler',4886,109800704
1182190333,1074040461,32636,32347,8,'Smuggler',18875,110017346
1182190334,1074038291,32637,32343,8,'Bandit',28433,110154158
1182190334,1074038210,32636,32340,8,'Smuggler',29869,110175455
1182190334,1074041082,32634,32346,8,'Bandit',20142,110038172
1182190334,1074038291,32637,32343,8,'Bandit',23844,110085323
1182190334,1074039141,32632,32342,8,'Wild Warrior',1416,109751499
1182190334,1074036805,32631,32344,8,'Bandit',21881,110051397
1182190335,1074036591,32639,32345,8,'Wild Warrior',31998,110202636
1182190335,1074041082,32636,32346,8,'Bandit',10322,109890883
1182190335,1074039141,32632,32342,8,'Wild Warrior',18651,110010025
1182190335,1074036591,32638,32345,8,'Wild Warrior',10021,109872976
1182190335,1074038210,32638,32340,8,'Smuggler',5699,109812916
1182190335,1074039141,32633,32342,8,'Wild Warrior',3557,109783620
1182190335,1074036805,32633,32344,8,'Bandit',28476,110150333
1182190336,1074038210,32638,32341,8,'Smuggler',27892,110145819
1182190336,1074040461,32637,32346,8,'Smuggler',24389,110100057
1182190336,1074036805,32634,32344,8,'Bandit',5075,109799324
1182190336,1074042061,32635,32352,7,'Smuggler',10712,109899723
1182190336,1074036591,32638,32345,8,'Wild Warrior',2600,109761662
1182190336,1074040461,32637,32345,8,'Smuggler',2510,109771865
1182190336,1074042061,32635,32352,7,'Smuggler',21003,110054088
1182190337,1074038210,32637,32342,8,'Smuggler',26869,110130477
1182190337,1074040461,32637,32345,8,'Smuggler',17861,110002131
1182190337,1074041082,32636,32345,8,'Bandit',14688,109956368
1182190337,1074038210,32637,32343,8,'Smuggler',13401,109928464
1182190338,1074036591,32638,32344,8,'Wild Warrior',9789,109869492
1182190338,1074041082,32636,32345,8,'Bandit',15255,109964874
1182190339,1074041314,32638,32345,8,'Wild Warrior',16423,109983179
1182190339,1074036591,32639,32344,8,'Wild Warrior',5002,109797693
1182190339,1074040461,32637,32345,8,'Smuggler',10585,109892993
1182190340,1074041314,32638,32345,8,'Wild Warrior',24182,110099565
1182190340,1074036805,32637,32344,8,'Bandit',10285,109877493
1182190340,1074040461,32638,32344,8,'Smuggler',27088,110140537
1182190340,1074041082,32637,32346,8,'Bandit',31426,110207453
1182190340,1074036805,32637,32345,8,'Bandit',28617,110152480
1182190345,1074035287,32637,32354,8,'Bat',23757,110075055
1182190345,1074041082,32638,32346,8,'Bandit',9832,109883553
1182190345,1074042227,32641,32344,7,'Smuggler',30932,110203504
1182190346,1074035287,32638,32354,8,'Bat',4169,109781241
1182190346,1074038210,32640,32347,8,'Smuggler',2154,109759811
1182190346,1074042227,32641,32345,7,'Smuggler',25721,110125347
1182190346,1074036805,32639,32346,8,'Bandit',17189,109981083
1182190347,1074038210,32639,32347,8,'Smuggler',19976,110027137
1182190347,1074039141,32636,32347,8,'Wild Warrior',31329,110200262
1182190347,1074036805,32639,32346,8,'Bandit',2368,109758769
1182190347,1074035287,32639,32354,8,'Bat',28692,110149092
1182190347,1074039141,32637,32347,8,'Wild Warrior',21425,110051707
1182190347,1074032707,32630,32354,8,'Bat',10555,109869252
1182190348,1074035287,32638,32354,8,'Bat',3434,109770218
1182190348,1074038210,32639,32347,8,'Smuggler',16549,109975733
1182190348,1074040461,32637,32346,8,'Smuggler',7441,109845849
1182190348,1074032707,32630,32354,8,'Bat',9512,109853608
1182190348,1074038210,32639,32347,8,'Smuggler',30145,110179673
1182190348,1074039141,32637,32348,8,'Wild Warrior',18060,110001240
1182190349,1074032707,32630,32354,8,'Bat',21718,110036699
1182190350,1074042227,32641,32346,7,'Smuggler',3753,109795838
1182190350,1074039141,32637,32347,8,'Wild Warrior',16139,109972420
1182190350,1074040461,32637,32346,8,'Smuggler',12423,109920581
1182190351,1074042227,32642,32346,7,'Smuggler',16279,109983734
1182190369,1074042518,32642,32343,7,'Wild Warrior',25996,110130411
1182190378,1074036805,32639,32348,8,'Bandit',16687,109973599
1182190379,1074035287,32637,32354,8,'Bat',12529,109906669
1182190380,1074032707,32630,32354,8,'Bat',22549,110049195
1182190396,1073754125,32656,32347,6,'Poison Spider',17437,109136974
1182190397,1073754128,32653,32354,6,'Centipede',19866,109173401
1182190397,1074042518,32642,32344,7,'Wild Warrior',12949,109934741
1182190397,1073754164,32654,32354,6,'Skeleton',193,108878406
1182190398,1073754128,32653,32353,6,'Centipede',23195,109223330
1182190398,1073754127,32661,32350,6,'Centipede',3297,108924876
1182190398,1073754123,32660,32346,6,'Poison Spider',20416,109181668
1182190398,1074042484,32658,32343,7,'Bat',28286,110164651
1182190399,1073754124,32661,32354,6,'Poison Spider',16105,109117068
1182190404,1074042844,32668,32340,7,'Bat',24488,110108796
1182190405,1073754123,32659,32346,6,'Poison Spider',16282,109119660
1182190427,1073754125,32664,32344,6,'Poison Spider',12455,109062294
1182190429,1073754128,32656,32353,6,'Centipede',25734,109261461
1182190429,1073754127,32663,32353,6,'Centipede',18114,109147193
1182190429,1074032476,32669,32349,7,'Centipede',11701,109886058
1182190430,1073754124,32656,32349,6,'Poison Spider',31316,109345204
1182190432,1073754164,32653,32354,6,'Skeleton',20671,109185606
1182190436,1073754123,32657,32349,6,'Poison Spider',5786,108962262
1182190452,1074042485,32668,32343,8,'Wild Warrior',12263,109924541
1182190452,1074032476,32665,32347,7,'Centipede',4313,109775227
1182190458,1073754125,32660,32351,6,'Poison Spider',24355,109240854
1182190460,1073754128,32657,32354,6,'Centipede',31185,109343269
1182190460,1073754127,32662,32351,6,'Centipede',20053,109176290
1182190461,1073754124,32662,32348,6,'Poison Spider',912,108889198
1182190464,1073754164,32653,32352,6,'Skeleton',10808,109037679
1182190466,1074039563,32653,32353,7,'Poison Spider',1832,109759321
1182190467,1073754123,32657,32348,6,'Poison Spider',20945,109189671
1182190489,1073754125,32659,32347,6,'Poison Spider',4313,108940222
1182190491,1073754128,32656,32354,6,'Centipede',27756,109291860
1182190491,1073754127,32662,32350,6,'Centipede',28321,109300334
1182190606,1073754124,32655,32347,6,'Poison Spider',41,108876236
1182190606,1073754126,32669,32336,6,'Poison Spider',18467,109152625
1182190606,1073754162,32656,32350,5,'Tarantula',6334,108970708
1182190606,1073754124,32654,32347,6,'Poison Spider',26500,109273116
1182190614,1073754791,32674,32335,5,'Poison Spider',19169,109165165
1182190615,1073754793,32674,32333,6,'Poison Spider',15724,109113494
1182190615,1073754163,32675,32333,6,'Skeleton',11478,109047854
1182190615,1073754791,32674,32334,5,'Poison Spider',29358,109317994
1182190615,1073754165,32675,32341,6,'Skeleton',26962,109280176
1182190616,1073754126,32669,32338,6,'Poison Spider',24464,109242604
1182190616,1073754163,32675,32334,6,'Skeleton',5705,108961267
1182190616,1073754794,32676,32338,6,'Poison Spider',28145,109299858
1182190616,1073754165,32676,32341,6,'Skeleton',23281,109224967
1182190616,1073754163,32675,32334,6,'Skeleton',16827,109128097
1182190623,1073754128,32657,32348,6,'Centipede',9961,109025030
1182190624,1073754125,32652,32347,6,'Poison Spider',491,108882992
1182190624,1073754126,32664,32339,6,'Poison Spider',2995,108920559
1182190625,1073754128,32657,32347,6,'Centipede',11942,109054740
1182190628,1073754127,32658,32349,6,'Centipede',4827,108948034
1182190628,1073754126,32663,32340,6,'Poison Spider',5436,108957180
1182190629,1074044452,32666,32343,8,'Wild Warrior',32391,110232529
1182190629,1073754127,32657,32349,6,'Centipede',14604,109094685
1182190631,1073754164,32653,32352,6,'Skeleton',3902,108934256
1182190631,1074044452,32665,32343,8,'Wild Warrior',153,109748956
1182190631,1074045574,32661,32337,8,'Smuggler',292,109754293
1182190631,1073754128,32658,32347,6,'Centipede',12382,109061351
1182190631,1073754164,32653,32352,6,'Skeleton',17421,109137041
1182190631,1074045574,32661,32337,8,'Smuggler',18716,110030653
1182190632,1073754127,32656,32347,6,'Centipede',19718,109171379
1182190632,1073754164,32653,32351,6,'Skeleton',19895,109174145
1182190634,1073754124,32652,32345,6,'Poison Spider',5447,108957325
1182190634,1073754127,32656,32347,6,'Centipede',21726,109201501
1182190635,1073754128,32659,32347,6,'Centipede',14771,109097195
1182190638,1073754124,32652,32347,6,'Poison Spider',11538,109048708
1182190638,1073754126,32664,32340,6,'Poison Spider',1869,108903690
1182190639,1073754128,32660,32347,6,'Centipede',19912,109174319
1182190644,1073754164,32652,32352,6,'Skeleton',25667,109260739
1182190644,1073754126,32665,32339,6,'Poison Spider',26299,109270144
1182190645,1074045722,32660,32351,7,'Bat',17035,110005913
1182190645,1073754164,32652,32351,6,'Skeleton',9894,109024138
1182190646,1073754124,32655,32348,6,'Poison Spider',28703,109306213
1182190646,1074045722,32660,32351,7,'Bat',23811,110107554
1182190655,1073754125,32654,32349,6,'Poison Spider',31322,109345512
1182190656,1074045497,32666,32341,9,'Beholder',30333,110204766
1182190658,1073754124,32655,32352,6,'Poison Spider',17673,109140803
1182190663,1073754126,32668,32339,6,'Poison Spider',4664,108945653
1182190664,1074045497,32666,32341,9,'Beholder',15141,109976894
1182190665,1073754127,32655,32347,6,'Centipede',7711,108991302
1182190670,1073754128,32661,32347,6,'Centipede',28253,109299470
1182190673,1073754794,32665,32339,6,'Poison Spider',6868,108980712
1182190674,1073754126,32668,32339,6,'Poison Spider',25547,109258909
1182190676,1073754792,32663,32339,6,'Poison Spider',27644,109292339
1182190676,1073754794,32666,32339,6,'Poison Spider',32662,109367630
1182190677,1073754128,32662,32348,6,'Centipede',32757,109367049
1182190677,1073754792,32663,32339,6,'Poison Spider',20037,109178235
1182190677,1073912573,32663,32351,7,'Poison Spider',12859,109544003
1182190678,1073754128,32663,32348,6,'Centipede',8723,109006545
1182190680,1074045497,32666,32342,9,'Beholder',9741,109895917
1182190680,1073912573,32662,32351,7,'Poison Spider',27529,109764051
1182190681,1073754794,32664,32339,6,'Poison Spider',778,108889365
1182190681,1074045497,32666,32342,9,'Beholder',12316,109934543
1182190681,1073754124,32655,32349,6,'Poison Spider',3035,108921235
1182190681,1073754794,32664,32340,6,'Poison Spider',22190,109210552
1182190682,1073754128,32662,32347,6,'Centipede',1842,108903322
1182190682,1073754124,32655,32349,6,'Poison Spider',288,108880031
1182190682,1073754164,32652,32352,6,'Skeleton',30106,109327362
1182190686,1073754125,32657,32346,6,'Poison Spider',9040,109011307
1182190689,1074045800,32658,32351,7,'Poison Spider',8942,109884916
1182190689,1073754128,32663,32344,6,'Centipede',19264,109164643
1182190696,1073754127,32656,32349,6,'Centipede',22648,109215407
1182190705,1073754126,32665,32339,6,'Poison Spider',27446,109287410
1182190711,1073912573,32663,32351,7,'Poison Spider',23805,109708227
1182190712,1073754794,32664,32344,6,'Poison Spider',15890,109116111
1182190713,1073754124,32652,32352,6,'Poison Spider',6729,108976683
1182190717,1073754125,32658,32352,6,'Poison Spider',24370,109241335
1182190720,1073754128,32658,32347,6,'Centipede',15350,109105960
1182190727,1073754127,32654,32350,6,'Centipede',15006,109100805
1182888065,1073758185,32655,32350,6,'Skeleton',41,109585834
1182888065,1073758143,32663,32346,6,'Poison Spider',18467,109862175
1182888065,1073758144,32669,32339,6,'Poison Spider',6334,109680164
1182888066,1073758185,32655,32351,6,'Skeleton',26500,109982727
1182888067,1073832983,32669,32351,7,'Bat',19169,110097173
1182888070,1073758812,32651,32345,6,'Poison Spider',15724,109822975
1182888071,1073840128,32657,32334,8,'Bandit',11478,110003118
1182888071,1073840123,32656,32332,8,'Wild Warrior',29358,110271362
1182888072,1073758143,32663,32345,6,'Poison Spider',26962,109989600
1182888072,1073840128,32657,32333,8,'Bandit',24464,110197902
1182888072,1073758147,32657,32333,6,'Centipede',5705,109670591
1182888072,1073758814,32659,32332,6,'Poison Spider',28145,110009247
1182888073,1073758812,32651,32343,6,'Poison Spider',23281,109936319
1182888073,1073758147,32657,32333,6,'Centipede',16827,109837422
1182888075,1073840932,32665,32331,8,'Wild Warrior',9961,109982876
1182888075,1073839335,32665,32329,8,'Smuggler',491,109835969
1182888076,1073840128,32656,32332,8,'Bandit',2995,109875859
1182888077,1073840739,32666,32329,8,'Smuggler',11942,110011953
1182888083,1073840932,32666,32330,8,'Wild Warrior',4827,109905872
1182888083,1073758143,32663,32342,6,'Poison Spider',5436,109666700
1182888083,1073758144,32668,32336,6,'Poison Spider',32391,110071011
1182888083,1073758147,32656,32332,6,'Centipede',14604,109804075
1182888083,1073840932,32666,32330,8,'Wild Warrior',3902,109891997
1182888084,1073758144,32668,32336,6,'Poison Spider',153,109587442
1182888084,1073840739,32666,32331,8,'Smuggler',292,109837224
1182888084,1073840932,32666,32329,8,'Wild Warrior',12382,110019191
1182888084,1073758814,32659,32334,6,'Poison Spider',17421,109848413
1182888085,1073840739,32666,32331,8,'Smuggler',18716,110113585
1182888085,1073758147,32656,32332,6,'Centipede',19718,109880787
1182888085,1073758814,32659,32333,6,'Poison Spider',19895,109885517
1182888088,1073758812,32651,32345,6,'Poison Spider',5447,109668838
1182888088,1073758147,32655,32332,6,'Centipede',21726,109910905
1182888089,1073758185,32656,32349,6,'Skeleton',14771,109806806
1182888089,1073758812,32652,32345,6,'Poison Spider',11538,109760209
1182888090,1073758143,32664,32339,6,'Poison Spider',1869,109613186
1182888090,1073758185,32657,32348,6,'Skeleton',19912,109883920
1182888092,1073839232,32670,32340,9,'Beholder',25667,110213430
1182888092,1073758143,32664,32338,6,'Poison Spider',26299,109979631
1182888093,1073758146,32671,32335,6,'Poison Spider',17035,109840695
1182888093,1073758183,32671,32334,6,'Skeleton',9894,109733619
1182888094,1073840932,32665,32332,8,'Wild Warrior',28703,110264032
1182888094,1073758146,32670,32335,6,'Poison Spider',23811,109942331
1182888094,1073841099,32670,32333,7,'Poison Spider',31322,110303852
1182888094,1073840739,32664,32333,8,'Smuggler',30333,110287853
1182888094,1073758814,32656,32333,6,'Poison Spider',17673,109852181
1182888094,1073840932,32665,32332,8,'Wild Warrior',4664,109903447
1182888094,1073841099,32670,32333,7,'Poison Spider',15141,110061137
1182888094,1073758813,32673,32332,6,'Poison Spider',7711,109702826
1182888095,1073758143,32663,32339,6,'Poison Spider',28253,110008946
1182888095,1073758814,32656,32333,6,'Poison Spider',6868,109690107
1182888095,1073758146,32670,32334,6,'Poison Spider',25547,109968365
1182888095,1073841099,32670,32334,7,'Poison Spider',27644,110248690
1182888095,1073758143,32663,32340,6,'Poison Spider',32662,110075088
1182888095,1073840932,32664,32333,8,'Wild Warrior',32757,110324845
1182888095,1073758146,32670,32334,6,'Poison Spider',20037,109885715
1182888096,1073758143,32664,32340,6,'Poison Spider',12859,109778049
1182888096,1073758144,32668,32340,6,'Poison Spider',8723,109716032
1182888096,1073758814,32656,32332,6,'Poison Spider',9741,109733196
1182888096,1073758146,32670,32333,6,'Poison Spider',27529,109998089
1182888096,1073758144,32669,32340,6,'Poison Spider',778,109596862
1182888096,1073840739,32663,32333,8,'Smuggler',12316,110017595
1182888096,1073840932,32663,32332,8,'Wild Warrior',3035,109879004
1182888096,1073758146,32670,32333,6,'Poison Spider',22190,109918004
1182888101,1073758184,32675,32338,6,'Skeleton',1842,109612898
1182888104,1073758148,32675,32341,6,'Centipede',288,109589517
1182888104,1073758146,32671,32332,6,'Poison Spider',30106,110036750
1182888104,1073841099,32670,32335,7,'Poison Spider',9040,109969646
1182888105,1073758148,32675,32341,6,'Centipede',8942,109719328
